Date,New cases,Cumulative cases,Daily growth rate in cases,New deaths,Cumulative deaths,Source
2020/03/01,0,0,0,0,0,
2020/03/02,0,0,0,0,0,
2020/03/03,0,0,0,0,0,
2020/03/04,0,0,0,0,0,
2020/03/05,2,2,0,0,0,https://sfmayor.org/article/city-and-county-san-francisco-announces-cases-novel-coronavirus-san-francisco
2020/03/06,0,2,0%,0,0,https://www.sfdph.org/dph/alerts/coronavirus.asp
2020/03/07,6,8,300%,0,0,https://sfmayor.org/article/san-francisco-reports-additional-cases-novel-coronavirus-san-francisco-residents
2020/03/08,0,8,0%,0,0,https://www.sfdph.org/dph/alerts/coronavirus.asp
2020/03/09,5,13,63%,0,0,https://www.sfdph.org/dph/alerts/coronavirus.asp
2020/03/10,1,14,8%,0,0,https://www.sfdph.org/dph/alerts/coronavirus.asp
2020/03/11,0,14,0%,0,0,https://www.sfdph.org/dph/alerts/coronavirus.asp
2020/03/12,4,18,29%,0,0,https://www.sfdph.org/dph/alerts/coronavirus.asp
2020/03/13,5,23,28%,0,0,https://www.sfdph.org/dph/alerts/coronavirus.asp
2020/03/14,5,28,22%,0,0,https://www.sfdph.org/dph/alerts/coronavirus.asp
2020/03/15,9,37,32%,0,0,https://www.sfdph.org/dph/alerts/coronavirus.asp
2020/03/16,3,40,8%,0,0,https://www.sfdph.org/dph/alerts/coronavirus.asp
2020/03/17,3,43,8%,0,0,https://www.sfdph.org/dph/alerts/coronavirus.asp
2020/03/18,8,51,19%,0,0,https://www.sfdph.org/dph/alerts/coronavirus.asp
2020/03/19,19,70,37%,0,0,https://www.sfdph.org/dph/alerts/coronavirus.asp
2020/03/20,6,76,9%,0,0,https://www.sfdph.org/dph/alerts/coronavirus.asp
2020/03/21,8,84,11%,0,0,https://www.sfdph.org/dph/alerts/coronavirus.asp
2020/03/22,24,108,29%,0,0,https://www.sfdph.org/dph/alerts/coronavirus.asp
2020/03/23,23,131,21%,0,0,https://www.sfdph.org/dph/alerts/coronavirus.asp
2020/03/24,21,152,16%,0,0,https://www.sfdph.org/dph/alerts/coronavirus.asp
2020/03/25,26,178,17%,1,1,https://www.sfdph.org/dph/alerts/coronavirus.asp
2020/03/26,45,223,25%,1,2,https://www.sfdph.org/dph/alerts/coronavirus.asp
2020/03/27,56,279,25%,1,3,https://www.sfdph.org/dph/alerts/coronavirus.asp
2020/03/28,29,308,10%,1,4,https://www.sfdph.org/dph/alerts/coronavirus.asp
2020/03/29,32,340,10%,1,5,https://www.sfdph.org/dph/alerts/coronavirus.asp
2020/03/30,34,374,10%,1,6,https://www.sfdph.org/dph/alerts/coronavirus.asp
2020/03/31,23,397,6%,0,6,https://www.sfdph.org/dph/alerts/coronavirus.asp
2020/04/01,37,434,9%,1,7,https://www.sfdph.org/dph/alerts/coronavirus.asp
2020/04/02,16,450,3%,0,7,https://www.sfdph.org/dph/alerts/coronavirus.asp
2020/04/03,47,497,10%,0,7,https://www.sfdph.org/dph/alerts/coronavirus.asp
2020/04/04,32,529,6%,1,8,https://www.sfdph.org/dph/alerts/coronavirus.asp
2020/04/05,39,568,7%,0,8,https://www.sfdph.org/dph/alerts/coronavirus.asp
2020/04/06,15,583,2%,1,9,https://www.sfdph.org/dph/alerts/coronavirus.asp
2020/04/07,39,622,6%,0,9,https://www.sfdph.org/dph/alerts/coronavirus.asp
2020/04/08,54,676,8%,1,10,https://www.sfdph.org/dph/alerts/coronavirus.asp
2020/04/09,48,724,7%,0,10,https://www.sfdph.org/dph/alerts/coronavirus.asp
2020/04/10,73,797,10%,3,13,https://www.sfdph.org/dph/alerts/coronavirus.asp
2020/04/11,60,857,7%,0,13,https://www.sfdph.org/dph/alerts/coronavirus.asp
2020/04/12,15,872,1%,1,14,https://www.sfdph.org/dph/alerts/coronavirus.asp
2020/04/13,85,957,9%,1,15,https://www.sfdph.org/dph/alerts/coronavirus.asp
2020/04/14,30,987,3%,0,15,https://www.sfdph.org/dph/alerts/coronavirus.asp
2020/04/15,26,1013,2%,2,17,https://www.sfdph.org/dph/alerts/coronavirus.asp
2020/04/16,6,1019,0%,0,17,https://www.sfdph.org/dph/alerts/coronavirus.asp
2020/04/17,0,1019,0%,0,17,https://www.sfdph.org/dph/alerts/coronavirus.asp
2020/04/18,118,1137,11%,3,20,https://www.sfdph.org/dph/alerts/coronavirus.asp
2020/04/19,20,1157,1%,0,20,https://www.sfdph.org/dph/alerts/coronavirus.asp
2020/04/20,59,1216,5%,0,20,https://www.sfdph.org/dph/alerts/coronavirus.asp
2020/04/21,15,1231,1%,0,20,https://www.sfdph.org/dph/alerts/coronavirus.asp
2020/04/22,2,1233,0%,1,21,https://www.sfdph.org/dph/alerts/coronavirus.asp
2020/04/23,69,1302,5%,0,21,https://www.sfdph.org/dph/alerts/coronavirus.asp
2020/04/24,38,1340,2%,1,22,https://www.sfdph.org/dph/alerts/coronavirus.asp
2020/04/25,14,1354,1%,0,22,https://www.sfdph.org/dph/alerts/coronavirus.asp
2020/04/26,54,1408,3%,0,22,https://www.sfdph.org/dph/alerts/coronavirus.asp
2020/04/27,16,1424,1%,1,23,https://www.sfdph.org/dph/alerts/coronavirus.asp
2020/04/28,44,1468,3%,0,23,https://www.sfdph.org/dph/alerts/coronavirus.asp
2020/04/29,22,1490,1%,0,23,https://www.sfdph.org/dph/alerts/coronavirus.asp
2020/04/30,9,1499,0%,2,25,https://www.sfdph.org/dph/alerts/coronavirus.asp
2020/05/01,24,1523,1%,3,28,https://www.sfdph.org/dph/alerts/coronavirus.asp
2020/05/02,20,1543,1%,1,29,https://www.sfdph.org/dph/alerts/coronavirus.asp
2020/05/03,59,1602,3%,0,29,https://www.sfdph.org/dph/alerts/coronavirus.asp
2020/05/04,22,1624,1%,0,29,https://www.sfdph.org/dph/alerts/coronavirus.asp
2020/05/05,104,1728,6%,2,31,https://www.sfdph.org/dph/alerts/coronavirus.asp
2020/05/06,26,1754,1%,0,31,https://www.sfdph.org/dph/alerts/coronavirus.asp
2020/05/07,52,1806,2%,1,32,https://www.sfdph.org/dph/alerts/coronavirus.asp
2020/05/08,47,1853,2%,1,33,https://www.sfdph.org/dph/alerts/coronavirus.asp
2020/05/09,38,1891,2%,0,33,https://www.sfdph.org/dph/alerts/coronavirus.asp
2020/05/10,52,1943,2%,1,34,https://www.sfdph.org/dph/alerts/coronavirus.asp
2020/05/11,11,1954,0%,1,35,https://www.sfdph.org/dph/alerts/coronavirus.asp
2020/05/12,23,1977,1%,0,35,https://www.sfdph.org/dph/alerts/coronavirus.asp
2020/05/13,17,1994,0%,0,35,https://www.sfdph.org/dph/alerts/coronavirus.asp
2020/05/14,5,1999,0%,0,35,https://www.sfdph.org/dph/alerts/coronavirus.asp
2020/05/15,27,2026,1%,1,36,https://www.sfdph.org/dph/alerts/coronavirus.asp
2020/05/16,0,2026,0%,0,36,https://www.sfdph.org/dph/alerts/coronavirus.asp
2020/05/17,28,2054,1%,0,36,https://www.sfdph.org/dph/alerts/coronavirus.asp
2020/05/18,77,2131,3%,0,36,https://www.sfdph.org/dph/alerts/coronavirus.asp
2020/05/19,0,2131,0%,0,36,https://www.sfdph.org/dph/alerts/coronavirus.asp
2020/05/20,54,2185,2%,1,37,https://www.sfdph.org/dph/alerts/coronavirus.asp
2020/05/21,13,2198,0%,0,37,https://www.sfdph.org/dph/alerts/coronavirus.asp
2020/05/23,152,2350,6%,3,40,https://www.sfdph.org/dph/alerts/coronavirus.asp
2020/05/24,17,2367,0%,0,40,https://www.sfdph.org/dph/alerts/coronavirus.asp
2020/05/25,19,2386,0%,0,40,https://www.sfdph.org/dph/alerts/coronavirus.asp
2020/05/26,13,2399,0%,0,40,https://www.sfdph.org/dph/alerts/coronavirus.asp
2020/05/27,9,2408,0%,0,40,https://www.sfdph.org/dph/alerts/coronavirus.asp
2020/05/31,150,2558,6%,2,42,https://www.sfdph.org/dph/alerts/coronavirus.asp
2020/06/01,12,2570,0%,1,43,https://www.sfdph.org/dph/alerts/coronavirus.asp
2020/06/02,17,2587,0%,0,43,https://www.sfdph.org/dph/alerts/coronavirus.asp
2020/06/03,0,2587,0%,0,43,https://www.sfdph.org/dph/alerts/coronavirus.asp
2020/06/04,57,2644,2%,0,43,https://www.sfdph.org/dph/alerts/coronavirus.asp
2020/06/05,54,2698,2%,0,43,https://www.sfdph.org/dph/alerts/coronavirus.asp
2020/06/06,14,2712,0%,0,43,https://www.sfdph.org/dph/alerts/coronavirus.asp
2020/06/07,35,2747,1%,0,43,https://www.sfdph.org/dph/alerts/coronavirus.asp
2020/06/08,32,2779,1%,0,43,https://www.sfdph.org/dph/alerts/coronavirus.asp
2020/06/09,14,2793,0%,1,44,https://www.sfdph.org/dph/alerts/coronavirus.asp
2020/06/10,16,2809,0%,0,44,https://www.sfdph.org/dph/alerts/coronavirus.asp
2020/06/11,31,2840,1%,0,44,https://www.sfdph.org/dph/alerts/coronavirus.asp
2020/06/12,38,2878,1%,0,44,https://www.sfdph.org/dph/alerts/coronavirus.asp
